1.124013157894736850e+02
1.837006578947368496e+02
1.165953947368421240e+02
1.224671052631579471e+02
1.258223684210526443e+02
1.107236842105263150e+02
1.006578947368422092e+02
1.669243421052631504e+02
8.639802631578949388e+01
1.006578947368422092e+02
1.392434210526316178e+02
1.216282894736841911e+02
1.602138157894737560e+02
1.216282894736841911e+02
1.316940789473684390e+02
1.769901315789473983e+02
1.056907894736842621e+02
1.400822368421053454e+02
1.979605263157895649e+02
1.736348684210527153e+02
1.325328947368422234e+02
1.979605263157895649e+02
1.082072368421053596e+02
1.576973684210526301e+02
1.459539473684210407e+02
1.216282894736841911e+02
1.216282894736841911e+02
1.946052631578947114e+02
1.568585526315790446e+02
1.769901315789473983e+02
1.576973684210526301e+02
1.887335526315789025e+02
1.249835526315790446e+02
1.543421052631579471e+02
1.635690789473684674e+02
1.509868421052632357e+02
1.325328947368422234e+02
6.626644736842111172e+01
1.291776315789473415e+02
9.898026315789483931e+01
1.157565789473685243e+02
1.476315789473683822e+02
1.098848684210527296e+02
1.132401315789474268e+02
1.979605263157895649e+02
1.669243421052631504e+02
1.023355263157895649e+02
1.686019736842105203e+02
6.123355263157904460e+01
8.891447368421059139e+01
1.056907894736842621e+02
1.182730263157894797e+02
8.472039473684213817e+01
8.639802631578949388e+01
1.090460526315789593e+02
1.644078947368420529e+02
1.233059210526315468e+02
1.518256578947368496e+02
6.375000000000000000e+01
1.224671052631579471e+02
1.535032894736841911e+02
1.191118421052632357e+02
1.979605263157895649e+02
2.113815789473683822e+02
4.697368421052632925e+01
0.000000000000000000e+00
5.200657894736852427e+01
5.284539473684213107e+01
2.331907894736842479e+02
1.602138157894737560e+02
1.602138157894737560e+02
1.669243421052631504e+02
1.635690789473684674e+02
2.256414473684210975e+02
2.055098684210525732e+02
2.373848684210525732e+02
1.786677631578947967e+02
2.197697368421052886e+02
2.080263157894736707e+02
1.694407894736842763e+02
1.560197368421052886e+02
1.694407894736842763e+02
1.610526315789473699e+02
2.516447368421102837e+00
1.367269736842105203e+02
1.702796052631578618e+02
1.367269736842105203e+02
1.962828947368420529e+02
2.105427631578947683e+02
2.206085526315789025e+02
1.459539473684210407e+02
1.702796052631578618e+02
1.459539473684210407e+02
1.719572368421052033e+02
2.550000000000000000e+02
